=== Semantic Class Similarity Matrix ===

+-----------------+-------------------+--------------+-----------------+----------+-------------------+
|                 |   gex_EMR4P326342 |   cnv_TECPR2 |   cnv_RN7SKP162 |     gage |   meth_cg19528976 |
+=================+===================+==============+=================+==========+===================+
| gex_EMR4P326342 |          1        |     0.492922 |        0.357238 | 0.26436  |          0.260241 |
+-----------------+-------------------+--------------+-----------------+----------+-------------------+
| cnv_TECPR2      |          0.492922 |     1        |        0.221112 | 0.126153 |          0.125692 |
+-----------------+-------------------+--------------+-----------------+----------+-------------------+
| cnv_RN7SKP162   |          0.357238 |     0.221112 |        1        | 0.10299  |          0.127313 |
+-----------------+-------------------+--------------+-----------------+----------+-------------------+
| gage            |          0.26436  |     0.126153 |        0.10299  | 1        |          0.502457 |
+-----------------+-------------------+--------------+-----------------+----------+-------------------+
| meth_cg19528976 |          0.260241 |     0.125692 |        0.127313 | 0.502457 |          1        |
+-----------------+-------------------+--------------+-----------------+----------+-------------------+

=== Token-Class Distribution Matrix ===

+----------------+-------------------+--------------+-----------------+-----------+-------------------+
|                |   gex_EMR4P326342 |   cnv_TECPR2 |   cnv_RN7SKP162 |      gage |   meth_cg19528976 |
+================+===================+==============+=================+===========+===================+
| , (267)        |        0.0858586  |   0.458716   |      0.434426   | 0.237374  |         0.25      |
+----------------+-------------------+--------------+-----------------+-----------+-------------------+
| . (269)        |        0          |   0          |      0.0491803  | 0.237374  |         0.188889  |
+----------------+-------------------+--------------+-----------------+-----------+-------------------+
| 5 (276)        |        0.0555556  |   0.00917431 |      0.0491803  | 0.131313  |         0.1       |
+----------------+-------------------+--------------+-----------------+-----------+-------------------+
| 3 (274)        |        0.191919   |   0.0183486  |      0.0327869  | 0.0656566 |         0.0222222 |
+----------------+-------------------+--------------+-----------------+-----------+-------------------+
| 0 (271)        |        0.00505051 |   0.00917431 |      0.0245902  | 0.0707071 |         0.211111  |
+----------------+-------------------+--------------+-----------------+-----------+-------------------+
| 4 (275)        |        0.146465   |   0.0183486  |      0.0327869  | 0.0656566 |         0.0222222 |
+----------------+-------------------+--------------+-----------------+-----------+-------------------+
| 2 (273)        |        0.106061   |   0.0458716  |      0.0737705  | 0.0505051 |         0.0333333 |
+----------------+-------------------+--------------+-----------------+-----------+-------------------+
| 6 (277)        |        0.10101    |   0.00917431 |      0.0409836  | 0.0252525 |         0.0277778 |
+----------------+-------------------+--------------+-----------------+-----------+-------------------+
| 1 (272)        |        0.00505051 |   0.0183486  |      0.0819672  | 0.040404  |         0.0388889 |
+----------------+-------------------+--------------+-----------------+-----------+-------------------+
| 7 (278)        |        0.010101   |   0          |      0.0655738  | 0.030303  |         0.0333333 |
+----------------+-------------------+--------------+-----------------+-----------+-------------------+
| p (335)        |        0.0909091  |   0          |      0.0327869  | 0         |         0         |
+----------------+-------------------+--------------+-----------------+-----------+-------------------+
| em (908)       |        0.0959596  |   0          |      0          | 0         |         0         |
+----------------+-------------------+--------------+-----------------+-----------+-------------------+
| r (337)        |        0.0909091  |   0          |      0          | 0         |         0         |
+----------------+-------------------+--------------+-----------------+-----------+-------------------+
| 9 (280)        |        0.00505051 |   0          |      0.00819672 | 0.020202  |         0.0444444 |
+----------------+-------------------+--------------+-----------------+-----------+-------------------+
| 8 (279)        |        0.010101   |   0          |      0.00819672 | 0.0252525 |         0.0277778 |
+----------------+-------------------+--------------+-----------------+-----------+-------------------+
| ation (656)    |        0          |   0.0917431  |      0.0163934  | 0         |         0         |
+----------------+-------------------+--------------+-----------------+-----------+-------------------+
| tion (740)     |        0          |   0.0917431  |      0.00819672 | 0         |         0         |
+----------------+-------------------+--------------+-----------------+-----------+-------------------+
| dele (7922)    |        0          |   0.0917431  |      0.00819672 | 0         |         0         |
+----------------+-------------------+--------------+-----------------+-----------+-------------------+
| duplic (28992) |        0          |   0.0917431  |      0.00819672 | 0         |         0         |
+----------------+-------------------+--------------+-----------------+-----------+-------------------+
| v (341)        |        0          |   0.0458716  |      0.0245902  | 0         |         0         |
+----------------+-------------------+--------------+-----------------+-----------+-------------------+

=== Column-Token Similarity Matrix (Most Distinctive Tokens) ===

+------------------+-------------------+--------------+-----------------+--------+-------------------+
|                  |   gex_EMR4P326342 |   cnv_TECPR2 |   cnv_RN7SKP162 |   gage |   meth_cg19528976 |
+==================+===================+==============+=================+========+===================+
| ! (0)            |                 0 |        0     |           0     |  0.005 |             0     |
+------------------+-------------------+--------------+-----------------+--------+-------------------+
| effect (5436)    |                 0 |        0     |           0     |  0     |             0.005 |
+------------------+-------------------+--------------+-----------------+--------+-------------------+
| fication (4523)  |                 0 |        0     |           0.005 |  0     |             0     |
+------------------+-------------------+--------------+-----------------+--------+-------------------+
| region (4341)    |                 0 |        0     |           0.005 |  0     |             0     |
+------------------+-------------------+--------------+-----------------+--------+-------------------+
| missing (3423)   |                 0 |        0     |           0     |  0     |             0.005 |
+------------------+-------------------+--------------+-----------------+--------+-------------------+
| quality (3027)   |                 0 |        0     |           0     |  0     |             0.005 |
+------------------+-------------------+--------------+-----------------+--------+-------------------+
| loh (37983)      |                 0 |        0     |           0.005 |  0     |             0     |
+------------------+-------------------+--------------+-----------------+--------+-------------------+
| number (2842)    |                 0 |        0     |           0.005 |  0     |             0     |
+------------------+-------------------+--------------+-----------------+--------+-------------------+
| atic (2647)      |                 0 |        0     |           0.005 |  0     |             0     |
+------------------+-------------------+--------------+-----------------+--------+-------------------+
| ), (2361)        |                 0 |        0.005 |           0     |  0     |             0     |
+------------------+-------------------+--------------+-----------------+--------+-------------------+
| nd (1764)        |                 0 |        0     |           0     |  0     |             0.005 |
+------------------+-------------------+--------------+-----------------+--------+-------------------+
| available (1685) |                 0 |        0     |           0     |  0     |             0.005 |
+------------------+-------------------+--------------+-----------------+--------+-------------------+
| call (1620)      |                 0 |        0     |           0.005 |  0     |             0     |
+------------------+-------------------+--------------+-----------------+--------+-------------------+
| ger (1291)       |                 0 |        0     |           0.005 |  0     |             0     |
+------------------+-------------------+--------------+-----------------+--------+-------------------+
| na (1272)        |                 0 |        0     |           0     |  0     |             0.005 |
+------------------+-------------------+--------------+-----------------+--------+-------------------+
| line (1148)      |                 0 |        0     |           0.005 |  0     |             0     |
+------------------+-------------------+--------------+-----------------+--------+-------------------+
| plic (5806)      |                 0 |        0     |           0.005 |  0     |             0     |
+------------------+-------------------+--------------+-----------------+--------+-------------------+
| nan (7750)       |                 0 |        0     |           0     |  0     |             0.005 |
+------------------+-------------------+--------------+-----------------+--------+-------------------+
| function (8093)  |                 0 |        0.005 |           0     |  0     |             0     |
+------------------+-------------------+--------------+-----------------+--------+-------------------+
| unknown (8685)   |                 0 |        0.005 |           0     |  0     |             0     |
+------------------+-------------------+--------------+-----------------+--------+-------------------+